2.1607799530029297
2.0600173473358154
2.378847122192383
1.691880226135254
2.132429361343384
2.132429361343384
2.1136460304260254
1.9660696983337402
2.0775842666625977
2.2263965606689453
2.4348151683807373
2.2361538410186768
2.3820180892944336
2.3872628211975098
2.3820180892944336
2.2898154258728027
2.2121670246124268
2.422053575515747
2.1289923191070557
2.145103693008423
2.1289923191070557
1.993139624595642
2.20188307762146
2.247238874435425
2.031114339828491
1.9919987916946411
2.03055477142334
1.6133519411087036
2.0152084827423096
1.302105188369751
1.6418898105621338
1.4283978939056396
1.6568790674209595
1.3220261335372925
1.3517316579818726
2.045228958129883
1.7796990871429443
2.037994623184204
1.7796990871429443
1.1553523540496826
1.9495835304260254
1.7099279165267944
1.679932951927185
1.2548000812530518
1.7796990871429443
1.9731857776641846
1.6894605159759521
1.326857566833496
2.2327749729156494
1.1826591491699219
1.1826591491699219
2.34946608543396
2.277092218399048
2.0990099906921387
2.3998093605041504
2.2725300788879395
1.7484713792800903
2.3077051639556885
2.4075145721435547
2.4075145721435547
2.4869892597198486
1.9046322107315063
2.0836150646209717
1.4681730270385742
1.1138026714324951
1.1134026050567627
1.2972652912139893
1.1228229999542236
1.604514718055725
1.1665905714035034
1.179177165031433
1.293513298034668
2.0962319374084473
1.9389879703521729
1.9389879703521729
2.17932391166687
1.9389879703521729
1.9389879703521729
1.5952101945877075
1.9959787130355835
2.0855040550231934
2.2069084644317627
2.1709561347961426
2.4334425926208496
2.195357322692871
2.1873176097869873
1.73757004737854
2.2310421466827393
2.4987332820892334
2.407567262649536
2.4378163814544678
2.5255472660064697
2.51151704788208
2.295774221420288
2.5286271572113037
2.486666679382324
2.3668768405914307
2.5598201751708984
2.3321688175201416
2.37796688079834
2.035454034805298
1.9219789505004883
1.6965912580490112
2.02656626701355
2.02656626701355
2.078540325164795
1.5944080352783203
2.214099645614624
2.3735575675964355
2.3950300216674805
1.7978906631469727
2.3944196701049805
1.4643704891204834
2.3813719749450684
2.4011940956115723
2.424132823944092
2.304668426513672
2.365260601043701
2.4569990634918213
2.3743720054626465
2.5978548526763916
2.327247142791748
2.436937093734741
2.3356635570526123
2.5498135089874268
2.486999750137329
2.4099724292755127
2.5859854221343994
2.3975653648376465
2.2046804428100586
2.582825183868408
2.1911745071411133
2.5572891235351562
2.1377487182617188
2.4794883728027344
1.9580272436141968
2.1707968711853027
1.6723641157150269
1.8410365581512451
1.4406530857086182
1.846028208732605
2.3939692974090576
2.1468722820281982
2.137420415878296
2.155637502670288
1.5752711296081543
2.343367099761963
2.109492063522339
2.34619402885437
2.34619402885437
2.1391968727111816
2.2070279121398926
2.1791391372680664
1.8527514934539795
1.7531131505966187
1.7797342538833618
1.244697093963623
1.685514211654663
1.244697093963623
1.761634349822998
1.3740121126174927
1.7531131505966187
2.0401084423065186
1.846845030784607
1.5741665363311768
1.9071682691574097
1.8469352722167969
1.9502062797546387
1.6242402791976929
2.0399997234344482
1.5544153451919556
2.3523170948028564
2.6481378078460693
2.421278953552246
2.5332131385803223
2.5232951641082764
2.5232951641082764
2.57279896736145
2.412569046020508
2.4461472034454346
1.7627609968185425
1.2335505485534668
1.2030895948410034
1.1815180778503418
1.7225475311279297
1.7225475311279297
1.3796093463897705
1.3938918113708496
1.2749977111816406
1.6368060111999512
1.1776186227798462
1.5253304243087769
1.6470967531204224
1.4856277704238892
1.7612284421920776
1.4139047861099243
2.084761381149292
1.3551820516586304
2.458265781402588
2.388836145401001
2.388836145401001
2.3389344215393066
2.538346767425537
2.7395858764648438
2.162644624710083
2.3145270347595215
2.3977575302124023
2.320101022720337
2.1935014724731445
2.320101022720337
2.4372198581695557
1.9713964462280273
2.544644594192505
2.335625171661377
2.3358592987060547
2.475318193435669
2.3811137676239014
1.9625760316848755
2.298288583755493
2.358717918395996
2.358717918395996
2.358717918395996
2.071565628051758
1.942492127418518
1.888007402420044
2.1068265438079834
2.233510732650757
2.0190296173095703
2.336573839187622
2.2464845180511475
2.2093183994293213
2.270073413848877
2.1262576580047607
2.230640411376953
2.295313835144043
1.7722439765930176
2.3580877780914307
2.2307233810424805
2.231623649597168
2.231623649597168
2.475189447402954
2.183828115463257
1.844512701034546
1.8288453817367554
1.3611476421356201
1.8288453817367554
1.5133588314056396
1.6689914464950562
1.6007213592529297
2.1657660007476807
1.5133588314056396
1.5133588314056396
2.2700693607330322
2.3665425777435303
2.4701035022735596
1.197636604309082
2.7813336849212646
2.7813336849212646
2.366023540496826
2.338144540786743
2.3986704349517822
1.8874361515045166
2.194735527038574
1.8651759624481201
1.8348848819732666
2.2321789264678955
2.2321789264678955
2.554767370223999
2.189332962036133
2.345183849334717
2.1714699268341064
2.0064332485198975
2.26360821723938
2.231065511703491
2.117886781692505
2.117886781692505
1.6298654079437256
2.2641689777374268
1.836717128753662
2.1003122329711914
2.2760555744171143
2.234746217727661
2.1722683906555176
1.7769676446914673
2.1709635257720947
2.393961191177368
2.302360773086548
1.7787076234817505
1.8816652297973633
2.0951929092407227
2.0124175548553467
1.9924604892730713
1.9424103498458862
1.9782899618148804
1.9071016311645508
2.258206844329834
2.0338070392608643
1.9826973676681519
2.3378586769104004
2.225773334503174
2.169140100479126
1.1869261264801025
1.1869261264801025
2.2369747161865234
2.0039212703704834
2.361351251602173
2.342782497406006
2.15620756149292
1.4467533826828003
1.361369252204895
2.4118244647979736
2.2012898921966553
2.207900047302246
2.3015947341918945
2.2459287643432617
2.3755016326904297
2.3084590435028076
2.2843832969665527
2.2079877853393555
2.1113626956939697
2.111362934112549
2.4884414672851562
1.988539695739746
2.2750914096832275
2.284538984298706
2.1694154739379883
2.2683029174804688
2.4082789421081543
2.2762863636016846
2.2762863636016846
2.2546498775482178
2.2882773876190186
2.204305410385132
1.7731268405914307
1.620651364326477
1.529114007949829
1.5334559679031372
1.4195184707641602
1.7102524042129517
1.2420482635498047
1.5601842403411865
1.5219107866287231
2.3705039024353027
2.3250625133514404
2.6969869136810303
2.516723394393921
2.4961090087890625
2.4961090087890625
2.6420485973358154
2.5118465423583984
2.455763339996338
1.9850095510482788
1.7869670391082764
1.9850095510482788
2.162353754043579
2.7360665798187256
1.9904732704162598
2.2446258068084717
2.019521474838257
1.7594894170761108
2.446197271347046
2.6585710048675537
2.547375440597534
2.60180401802063
2.4955408573150635
2.656184673309326
2.7655270099639893
2.3938753604888916
2.6126718521118164
2.161513328552246
2.352865219116211
2.2302682399749756
2.362861156463623
2.2419281005859375
2.362861156463623
1.5298030376434326
2.36468243598938
2.3171348571777344
2.2761361598968506
2.3277196884155273
2.525312662124634
2.218820571899414
2.1486284732818604
2.1486284732818604
2.5597314834594727
2.155177116394043
2.4867262840270996
1.6334038972854614
1.8412234783172607
2.292900323867798
2.002389430999756
1.9441057443618774
1.6727455854415894
1.5416518449783325
1.8801528215408325
1.7845209836959839
2.401358127593994
2.401358127593994
2.1880838871002197
2.2848830223083496
2.2411398887634277
2.343722343444824
2.484825849533081
2.538184404373169
2.401358127593994
1.719801425933838
1.9625940322875977
1.5548110008239746
1.8606693744659424
1.1645528078079224
2.09836483001709
1.2628813982009888
1.827717661857605
1.9811954498291016
2.05708909034729
2.05708909034729
2.05708909034729
2.124523401260376
2.3023293018341064
2.3023293018341064
1.4886969327926636
1.8147681951522827
2.05708909034729
2.1353557109832764
2.2463598251342773
2.3719422817230225
2.510843276977539
2.155557870864868
2.4500741958618164
1.667871356010437
1.7955447435379028
1.8413296937942505
2.173793077468872
2.266213893890381
2.4209678173065186
2.069263219833374
1.5159281492233276
1.5159281492233276
2.2564213275909424
1.89083731174469
2.2769062519073486
2.173332452774048
2.2416186332702637
1.719032883644104
1.779502272605896
1.9456123113632202
1.9456123113632202
1.6485832929611206
1.7123945951461792
2.278181552886963
2.0593459606170654
2.081303358078003
1.7818536758422852
1.7814767360687256
1.903522253036499
1.7411435842514038
1.603590726852417
1.921149730682373
1.8671613931655884
2.112027883529663
2.199772596359253
1.1657969951629639
2.112027883529663
1.1838781833648682
1.1838781833648682
1.9821193218231201
2.0495717525482178
1.4477752447128296
2.0980663299560547
2.2332401275634766
2.026656150817871
2.320502519607544
2.3479065895080566
2.3479065895080566
1.8461288213729858
2.2355575561523438
2.1049158573150635
1.8456629514694214
1.6267482042312622
1.918546199798584
1.9367191791534424
1.7029188871383667
1.7029188871383667
1.550743579864502
1.4521231651306152
1.908082365989685
2.290426015853882
1.9063068628311157
2.321320056915283
2.290426015853882
2.1598260402679443
2.290426015853882
2.0864856243133545
2.293562412261963
1.9063068628311157
2.4779961109161377
2.4176692962646484
2.4575438499450684
2.432577133178711
2.5257668495178223
2.444979667663574
2.5158228874206543
2.5060598850250244
2.5178442001342773
1.5929023027420044
1.5278778076171875
2.0915873050689697
1.8264069557189941
1.9147900342941284
1.9794425964355469
1.9994698762893677
1.440305471420288
1.5466498136520386
2.2271230220794678
2.346998691558838
2.107025146484375
2.3679909706115723
2.120863914489746
2.190185785293579
2.310943841934204
1.9877383708953857
2.3457305431365967
2.5740387439727783
2.6930465698242188
2.670111656188965
2.7628166675567627
2.5176095962524414
2.5176095962524414
2.7005529403686523
2.659228801727295
2.462984561920166
1.7704190015792847
1.9133930206298828
1.2893168926239014
1.2836576700210571
1.6184972524642944
1.6184972524642944
1.4369616508483887
1.5114930868148804
2.036475896835327
2.4052672386169434
2.4480137825012207
2.222465753555298
1.724291443824768
1.3900693655014038
1.3900693655014038
1.7148380279541016
1.847518801689148
2.046123743057251
1.8011401891708374
1.5586017370224
1.6590460538864136
2.434145927429199
2.5118660926818848
2.5118660926818848
2.018772840499878
2.161916494369507
1.916335105895996
1.965106725692749
2.1978883743286133
1.4476640224456787
2.2537221908569336
2.3440937995910645
2.0693345069885254
2.3376543521881104
2.046844482421875
2.191023349761963
1.4046233892440796
2.0097482204437256
2.276022434234619
1.84654700756073
1.556485891342163
1.556485891342163
2.165764331817627
1.4912406206130981
2.3807320594787598
2.4007582664489746
2.327120780944824
2.547851800918579
2.260143995285034
2.2740423679351807
2.077286958694458
2.5317070484161377
1.6455068588256836
2.732487440109253
2.2351248264312744
2.294180154800415
2.2807953357696533
1.6480257511138916
1.6536504030227661
1.6536504030227661
2.0265047550201416
2.474473714828491
2.3363633155822754
2.3429698944091797
2.056020975112915
1.5627914667129517
2.4016001224517822
2.3257429599761963
2.3257429599761963
1.9941364526748657
2.500657558441162
2.3438374996185303
2.47865629196167
2.259331703186035
2.5227930545806885
2.5759592056274414
2.643352508544922
2.643352508544922
2.564866781234741
2.5767645835876465
2.4789533615112305
2.1914610862731934
2.2795984745025635
1.8305622339248657
2.1914610862731934
2.457625150680542
2.0227153301239014
1.781584620475769
2.2342326641082764
2.3385322093963623
1.5137087106704712
1.7600034475326538
2.110778570175171
1.9671363830566406
1.9969888925552368
1.9054946899414062
1.504022479057312
1.5636708736419678
1.7600034475326538
2.2771472930908203
2.141873598098755
1.937251329421997
2.451719045639038
1.932173728942871
1.932173728942871
2.5459630489349365
2.3890910148620605
2.3914082050323486
2.181588649749756
2.423492431640625
2.136629343032837
2.241331100463867
2.0899291038513184
2.0551440715789795
2.3690171241760254
2.2691564559936523
1.928889513015747
1.6782175302505493
1.9647362232208252
1.9422447681427002
1.8114291429519653
2.0892422199249268
2.031872510910034
2.4840874671936035
2.1423349380493164
1.9647362232208252
1.6886403560638428
2.030284881591797
1.58014976978302
2.1759228706359863
1.957342505455017
1.9315367937088013
2.581601619720459
1.8191072940826416
2.0773677825927734
2.269617795944214
2.3194680213928223
2.3503096103668213
2.469727039337158
2.3710145950317383
2.2844605445861816
2.5137557983398438
1.892472505569458
2.207106113433838
2.1062679290771484
1.523988962173462
2.1062679290771484
2.010559558868408
1.8679054975509644
1.8679054975509644
2.1848227977752686
1.849686622619629
1.523988962173462
1.6955571174621582
1.7249904870986938
1.744074821472168
1.6955571174621582
1.8025023937225342
1.720794439315796
2.2490081787109375
1.953749179840088
1.2785511016845703
2.308394193649292
2.299787998199463
2.525179386138916
2.443178415298462
2.606459140777588
2.3915951251983643
2.714946985244751
2.3464157581329346
2.34057879447937
1.8202072381973267
1.602964997291565
1.8964749574661255
1.7459163665771484
2.0573458671569824
1.86248779296875
2.087190628051758
1.663591742515564
2.0188169479370117
1.7567511796951294
1.9656522274017334
1.2173341512680054
1.5396358966827393
1.3596196174621582
1.7772890329360962
1.7158420085906982
1.4161382913589478
1.8269325494766235
2.5048747062683105
2.482206344604492
2.421520709991455
2.4794952869415283
2.635592222213745
2.635592222213745
2.3421919345855713
2.414328098297119
2.491313934326172
1.8302425146102905
1.6908280849456787
1.6842424869537354
1.5925028324127197
1.807924747467041
1.6326361894607544
1.8377134799957275
1.7871787548065186
1.5925028324127197
1.7842808961868286
2.0324013233184814
1.7882726192474365
1.9156205654144287
1.9156205654144287
2.1073670387268066
2.0005154609680176
2.1514854431152344
2.0324013233184814
1.897202491760254
1.6319427490234375
1.8017770051956177
1.3186893463134766
1.9600245952606201
1.9600245952606201
1.7642052173614502
1.9259603023529053
1.7397191524505615
2.0194671154022217
2.2625057697296143
2.021432876586914
2.3082430362701416
1.5906376838684082
1.1825183629989624
2.39728045463562
1.8368544578552246
1.473148226737976
2.356788396835327
2.1078314781188965
2.155608892440796
2.278033971786499
2.3361380100250244
2.1974246501922607
2.5146100521087646
2.3159737586975098
2.1265525817871094
1.5364443063735962
1.7520508766174316
1.517828345298767
2.318784713745117
1.8059743642807007
1.4182950258255005
1.6611756086349487
1.9106630086898804
1.7978788614273071
1.725196361541748
1.3737329244613647
1.5732536315917969
1.5572348833084106
1.9378178119659424
1.9378178119659424
1.5171773433685303
1.8526301383972168
1.4507828950881958
2.0569825172424316
1.836334466934204
2.0641684532165527
2.035841226577759
2.199984312057495
2.199984312057495
2.7981669902801514
2.3045742511749268
2.1328158378601074
1.8525346517562866
1.5120596885681152
1.4024163484573364
1.673919677734375
1.959067940711975
1.673919677734375
1.7541728019714355
1.9126157760620117
1.5785622596740723
2.213118076324463
2.3276145458221436
2.106926202774048
1.899735927581787
2.220266819000244
2.1233508586883545
1.6303350925445557
2.0219388008117676
2.372357130050659
1.9313750267028809
2.0516529083251953
2.4280099868774414
1.357460856437683
1.8265951871871948
1.8265951871871948
1.7583519220352173
1.3802320957183838
1.6236340999603271
2.2239630222320557
1.9398118257522583
2.372856378555298
2.093595266342163
2.0823302268981934
2.0823302268981934
2.2514076232910156
2.0404210090637207
2.1493701934814453
2.453178882598877
2.216212272644043
2.3653793334960938
2.429142475128174
2.105746269226074
2.373396873474121
2.507686138153076
2.5423338413238525
2.340683937072754
1.918674349784851
1.9677317142486572
1.954834222793579
2.0364599227905273
1.608487606048584
1.709123134613037
1.7523196935653687
2.0697474479675293
2.0596065521240234
1.7996450662612915
1.7438966035842896
1.2987545728683472
2.5508854389190674
1.6958295106887817
1.6958295106887817
2.381253719329834
1.4278160333633423
1.459502100944519
2.0089898109436035
1.8363085985183716
1.3667497634887695
1.8849064111709595
1.167222261428833
1.167222261428833
2.010690689086914
2.183926582336426
1.9496666193008423
1.522173285484314
2.350350856781006
1.2610417604446411
2.427466869354248
1.6693534851074219
1.522173285484314
1.584169626235962
1.9777462482452393
1.522173285484314
1.863162636756897
2.2642247676849365
1.8674100637435913
1.1678860187530518
1.1678860187530518
2.203437089920044
2.439622163772583
1.5762149095535278
2.0778510570526123
2.2913715839385986
2.34692120552063
2.4167447090148926
2.0658130645751953
2.34692120552063
2.389699697494507
2.488391637802124
1.7057533264160156
2.3130671977996826
2.0620620250701904
2.067729949951172
1.430035948753357
1.7645764350891113
2.0042343139648438
2.0042343139648438
1.2833924293518066
2.106978178024292
2.073086738586426
2.0985043048858643
1.7632871866226196
2.5196480751037598
1.9547005891799927
1.6323293447494507
2.1387856006622314
2.6073687076568604
1.575332522392273
2.161243438720703
2.4302446842193604
1.7267400026321411
1.545700192451477
2.7770063877105713
2.452476739883423
2.791735887527466
2.2790615558624268
1.5888071060180664
1.7648597955703735
2.3025100231170654
2.3438620567321777
2.370469093322754
2.363288164138794
1.185775876045227
1.185775876045227
2.4056780338287354
2.424802780151367
2.3438620567321777
2.329188346862793
2.4380006790161133
2.4303948879241943
1.6060984134674072
1.6060984134674072
2.3505942821502686
1.389404535293579
2.4753448963165283
2.384632110595703
1.8100913763046265
2.206866979598999
2.231523275375366
2.277949333190918
1.9779691696166992
1.9779691696166992
1.8875150680541992
2.0333869457244873
2.1692965030670166
2.3237760066986084
2.3445029258728027
1.5775880813598633
2.2174935340881348
2.2135374546051025
2.246288776397705
2.3334898948669434
2.1114633083343506
2.3247241973876953
1.83916437625885
1.669438362121582
1.669438362121582
2.090937852859497
2.114819288253784
1.9899327754974365
2.263838052749634
1.9161587953567505
1.669438362121582
2.461108446121216
2.4177372455596924
2.4805562496185303
2.5876126289367676
2.426553964614868
2.426553964614868
2.7596304416656494
2.432075023651123
1.86752450466156
1.9667160511016846
2.0450353622436523
2.375016689300537
1.6029868125915527
1.719974160194397
1.719974160194397
2.3656797409057617
1.9296108484268188
2.2272682189941406
1.9564363956451416
2.101022243499756
2.3849740028381348
2.176344394683838
2.3364369869232178
2.0825247764587402
2.4199776649475098
1.941292643547058
2.3693134784698486
2.3108773231506348
2.0301928520202637
2.1555511951446533
2.118258476257324
1.8387490510940552
1.8387490510940552
2.2916259765625
2.3829360008239746
1.80244779586792
2.1399333477020264
1.4643765687942505
1.3550642728805542
2.0582239627838135
2.2211523056030273
2.2211523056030273
1.9466712474822998
2.134669542312622
2.239161968231201
1.9667720794677734
1.624367356300354
1.7283601760864258
2.0243046283721924
1.4124783277511597
2.097492218017578
2.3931784629821777
1.6400290727615356
1.624367356300354
1.5938496589660645
1.417031168937683
1.4873179197311401
2.0819339752197266
1.6641868352890015
1.6641868352890015
1.4358551502227783
1.177877426147461
1.529221534729004
1.617681622505188
1.5073961019515991
1.408926010131836
1.4933401346206665
1.576979637145996
1.4933401346206665
1.810340404510498
1.4395740032196045
1.7091631889343262
2.3102471828460693
2.257272958755493
2.061751127243042
2.0339393615722656
2.1360888481140137
2.1834404468536377
2.2257442474365234
2.406890869140625
2.3056066036224365
2.2366714477539062
2.4090468883514404
2.242871046066284
1.9796477556228638
2.485368251800537
2.2366714477539062
2.4244816303253174
2.3305866718292236
2.2366714477539062
2.374124050140381
2.3917317390441895
2.258617639541626
2.374124050140381
2.245744466781616
2.445798635482788
2.0689053535461426
2.4181947708129883
2.2548656463623047
1.8432378768920898
1.996235728263855
2.0656161308288574
1.992639183998108
1.9332008361816406
2.0574629306793213
1.9591587781906128
2.065025568008423
1.996235728263855
2.1944730281829834
2.739325523376465
2.239424705505371
2.3972527980804443
2.3972527980804443
2.3972527980804443
2.705098867416382
2.3972527980804443
2.6989669799804688
1.6441059112548828
2.119994640350342
2.4476120471954346
1.7259266376495361
2.204379081726074
2.204379081726074
2.4048423767089844
1.7992974519729614
2.1472506523132324
1.8882981538772583
1.2683274745941162
1.8882981538772583
1.8221304416656494
1.3837593793869019
1.3837593793869019
1.4640283584594727
1.2041271924972534
1.2777718305587769
2.4204280376434326
1.6404622793197632
2.204819679260254
2.2362356185913086
2.435359477996826
2.435359477996826
2.4461629390716553
1.5182160139083862
1.5403612852096558
2.325197458267212
2.3779590129852295
2.2454676628112793
2.2509782314300537
2.4203221797943115
2.3655176162719727
2.099384069442749
2.3134686946868896
2.3779590129852295
1.6804946660995483
2.331583261489868
1.6804946660995483
2.4765465259552
1.6804946660995483
1.6804946660995483
1.9645164012908936
2.433866024017334
2.5761239528656006
2.4152817726135254
2.420483112335205
2.398070812225342
2.398070812225342
2.4490833282470703
2.5487167835235596
1.501564383506775
2.2774579524993896
2.472123146057129
2.266503095626831
2.257317543029785
2.4222609996795654
2.187525987625122
2.3505609035491943
2.266503095626831
2.2920138835906982
2.384244680404663
1.7207098007202148
2.398954153060913
2.1853787899017334
2.2951481342315674
2.2957119941711426
2.536165952682495
2.1963562965393066
2.3512675762176514
2.5135116577148438
2.4590139389038086
2.057847738265991
1.894169569015503
1.4837961196899414
1.8612871170043945
1.5311390161514282
1.5311390161514282
1.4059208631515503
2.004535675048828
2.0730204582214355
2.099461555480957
2.0864784717559814
2.084362268447876
2.1583054065704346
1.1986380815505981
1.1986380815505981
1.9427285194396973
1.9171961545944214
2.099461555480957
2.1134917736053467
1.4556431770324707
2.1792027950286865
2.3797104358673096
2.091127395629883
1.7680145502090454
2.2135753631591797
1.79177725315094
2.157487630844116
1.5008844137191772
1.7095695734024048
1.1909291744232178
1.407333254814148
1.7387032508850098
1.7387032508850098
1.2575979232788086
1.6064960956573486
1.7095695734024048
2.553330659866333
2.3401684761047363
2.4941554069519043
2.453486919403076
2.5957858562469482
2.5364797115325928
2.6765804290771484
2.3747105598449707
2.335272789001465
2.1464295387268066
2.0396769046783447
1.4522761106491089
2.02282977104187
2.0180134773254395
2.0180134773254395
1.7903498411178589
1.5170716047286987
2.3856072425842285
1.8713338375091553
2.052687406539917
1.7205523252487183
2.0427939891815186
1.9213324785232544
1.9213324785232544
2.089487075805664
1.346479058265686
1.9158174991607666
1.7080765962600708
1.821778655052185
1.837986946105957
1.4250746965408325
1.9748295545578003
1.9748295545578003
2.357023000717163
1.6451820135116577
1.6313945055007935
2.1392276287078857
2.234262466430664
2.1585569381713867
2.181069850921631
1.1636801958084106
1.1710857152938843
1.7471575736999512
2.242927312850952
2.234262466430664
2.290874481201172
2.278486728668213
2.5120480060577393
2.204420804977417
1.8257994651794434
2.1929712295532227
2.30387544631958
1.7362316846847534
2.3439013957977295
2.5628578662872314
2.4649412631988525
2.4872124195098877
2.465843915939331
2.4497528076171875
2.4497528076171875
2.5536491870880127
2.5819590091705322
2.4316415786743164
1.9883232116699219
2.3248848915100098
1.7004936933517456
2.172114372253418
2.2991812229156494
2.172114372253418
1.8761024475097656
1.8179547786712646
1.8748384714126587
2.561128854751587
2.2874603271484375
2.550682783126831
2.692013740539551
2.703150749206543
2.703150749206543
2.6309525966644287
2.545867681503296
2.601921319961548
1.9847426414489746
1.948421597480774
1.2746765613555908
1.5295337438583374
1.594095230102539
1.594095230102539
1.6848326921463013
2.083606481552124
2.1190171241760254
1.8739407062530518
1.5529228448867798
1.4420808553695679
1.6732525825500488
1.112322211265564
1.3770966529846191
1.372521162033081
1.9129704236984253
1.9587054252624512
1.7291401624679565
2.2156760692596436
1.6670167446136475
2.0086123943328857
1.7199974060058594
1.7199974060058594
1.8070316314697266
1.9074219465255737
2.055887460708618
2.181995391845703
2.0755083560943604
2.025811195373535
1.8770830631256104
2.0416016578674316
1.8870831727981567
1.3695446252822876
2.0145649909973145
1.7058234214782715
1.7869267463684082
1.7861965894699097
2.3309969902038574
2.097287654876709
2.295768976211548
2.310962438583374
2.3234610557556152
2.4202117919921875
1.7861965894699097
2.25712251663208
2.279465436935425
2.0793826580047607
2.3674662113189697
2.0149991512298584
2.3674662113189697
2.241253137588501
2.481062650680542
2.279465436935425
2.37658953666687
2.220914840698242
2.1325886249542236
2.2883410453796387
2.2883410453796387
2.395827054977417
2.39689564704895
2.362521171569824
2.190314531326294
2.271841287612915
2.267049551010132
2.088254928588867
1.9910341501235962
2.2776811122894287
1.98157799243927
1.145970344543457
1.9408024549484253
1.9464190006256104
2.0028951168060303
1.5433746576309204
2.2790277004241943
2.0524075031280518
2.0524075031280518
2.0524075031280518
2.078740358352661
1.3674635887145996
1.5724892616271973
2.0115137100219727
2.2875919342041016
1.8731698989868164
2.5534303188323975
2.4381799697875977
2.5709800720214844
2.0882835388183594
2.0920557975769043
2.065089464187622
1.2909929752349854
1.2849953174591064
1.456209421157837
1.527394413948059
1.1626235246658325
1.1626235246658325
1.6853500604629517
1.2690478563308716
1.2319236993789673
2.176074266433716
2.113173007965088
2.079768180847168
2.131368637084961
1.546188473701477
1.546188473701477
1.6872246265411377
1.835118055343628
1.437967300415039
2.319119691848755
2.2752370834350586
2.5422441959381104
2.221597909927368
2.334465742111206
2.334465742111206
1.9303146600723267
1.8119181394577026
2.2752370834350586
2.152209520339966
1.964342474937439
2.2248342037200928
2.3693339824676514
1.9893676042556763
2.364527702331543
2.6848905086517334
2.1926419734954834
2.4753851890563965
2.4500229358673096
2.509031057357788
1.8090711832046509
1.566589593887329
1.56658935546875
1.56658935546875
1.7563607692718506
2.506598711013794
2.447808027267456
2.3602116107940674
1.812132477760315
2.098857879638672
2.20168399810791
2.3852648735046387
2.3852648735046387
1.7558341026306152
2.122490167617798
1.812132477760315
2.1543281078338623
2.2037408351898193
1.9669088125228882
1.9807323217391968
1.446583867073059
1.446583867073059
1.878566861152649
1.5082951784133911
2.1927902698516846
2.399604558944702
2.2309377193450928
2.375997304916382
2.4487760066986084
2.4135098457336426
2.4135098457336426
1.6156734228134155
2.5059266090393066
2.4156031608581543
2.0012152194976807
2.00053334236145
1.5575555562973022
2.0012152194976807
1.9322679042816162
1.9322679042816162
2.0458619594573975
1.732469081878662
2.125636100769043
1.8347417116165161
2.164337396621704
1.837148666381836
2.053607940673828
1.93976628780365
2.1466569900512695
1.6915339231491089
1.9191699028015137
2.0719687938690186
1.95619797706604
1.4843122959136963
1.8595118522644043
1.1747174263000488
1.1747174263000488
1.1747174263000488
2.3280272483825684
1.9054343700408936
1.6953377723693848
2.329660415649414
1.603005051612854
2.074923515319824
2.2276337146759033
2.2815818786621094
2.257948637008667
2.6241626739501953
2.251518726348877
2.2291643619537354
2.143423557281494
1.79365074634552
2.0036065578460693
1.8903805017471313
1.7732375860214233
1.817217469215393
1.8532843589782715
2.102935314178467
1.9891669750213623
2.1084823608398438
2.338298797607422
2.2998297214508057
1.7883754968643188
1.7883754968643188
1.7883754968643188
2.5783238410949707
2.4368226528167725
2.515251874923706
1.548922061920166
1.9783086776733398
1.7009131908416748
1.5784860849380493
1.465449571609497
1.3064004182815552
1.6135663986206055
1.94411301612854
1.2780301570892334
2.1958296298980713
2.1676790714263916
1.8237875699996948
1.3838109970092773
2.073911428451538
2.073911428451538
1.7176905870437622
1.933165431022644
1.8605133295059204
2.1423332691192627
2.468543291091919
1.5279040336608887
2.381190776824951
2.5475242137908936
2.2178850173950195
2.382645606994629
2.1799097061157227
2.2845354080200195
1.9453119039535522
1.8371617794036865
1.856311559677124
1.634192943572998
1.9453119039535522
1.9453119039535522
1.3446993827819824
1.6451060771942139
1.7751364707946777
2.1205339431762695
1.3147269487380981
2.25010085105896
2.0288734436035156
2.093385696411133
2.093385696411133
2.0865824222564697
1.2813975811004639
1.3087913990020752
2.161421298980713
2.0744078159332275
2.0997323989868164
2.3159236907958984
1.885886549949646
2.222291946411133
2.1745851039886475
1.7665576934814453
2.0793557167053223
2.520934581756592
2.194565773010254
2.2896969318389893
2.4609339237213135
2.2778024673461914
2.364603281021118
2.545971393585205
1.6578134298324585
1.8610388040542603
2.158447265625
1.6841689348220825
1.904044508934021
2.09978985786438
2.0584256649017334
2.051445484161377
2.1046247482299805
1.5742329359054565
2.157707691192627
2.0079360008239746
2.375696897506714
2.321981191635132
1.9709246158599854
1.927117109298706
1.7497674226760864
2.378767728805542
2.2122230529785156
1.8545293807983398
1.9643332958221436
1.7216136455535889
1.7883139848709106
2.0681724548339844
1.463202953338623
1.7687060832977295
2.2440996170043945
2.1745266914367676
1.9234589338302612
1.644199252128601
1.7223459482192993
1.9127260446548462
1.690248727798462
1.1511420011520386
1.1511420011520386
1.6837481260299683
2.054565906524658
1.3946181535720825
2.4170761108398438
1.7210618257522583
2.346641778945923
2.3095455169677734
2.2009029388427734
2.5204811096191406
2.63516902923584
2.013108015060425
2.3402259349823
1.5466082096099854
1.4635918140411377
1.552115797996521
1.3275433778762817
1.301645278930664
1.643904685974121
1.6782333850860596
1.2230554819107056
1.5065838098526
2.3293397426605225
2.411813735961914
2.2799127101898193
2.372866630554199
2.323333978652954
2.323333978652954
1.9699606895446777
2.467416286468506
2.450847864151001
1.846114158630371
1.9850521087646484
1.9137531518936157
2.055727481842041
2.221738815307617
2.0534379482269287
1.91995108127594
2.067514419555664
2.019608497619629
2.3787219524383545
2.026937484741211
1.849069356918335
2.14448881149292
2.1793854236602783
2.1793854236602783
2.124703884124756
1.770995855331421
2.056993246078491
2.32770037651062
2.295610189437866
2.270496129989624
2.3257298469543457
2.248609781265259
2.248609781265259
2.2915916442871094
2.3198132514953613
1.943902850151062
1.8579996824264526
1.460113286972046
1.682011365890503
1.3815985918045044
1.3692240715026855
1.3692240715026855
1.869362235069275
1.4118787050247192
1.4706145524978638
1.7162293195724487
1.3323403596878052
1.6276921033859253
1.4987953901290894
1.308968424797058
1.7162293195724487
1.3488620519638062
1.7427018880844116
1.315231442451477
2.083165168762207
2.292328357696533
2.0137248039245605
1.3451210260391235
1.3451210260391235
2.4055960178375244
2.0400891304016113
2.1870784759521484
2.4088265895843506
2.0999181270599365
1.9560461044311523
1.8952585458755493
2.1473231315612793
2.154456853866577
2.154456853866577
1.9091637134552002
2.2982215881347656
2.1075754165649414
2.229203462600708
2.400508403778076
2.332273244857788
2.3405001163482666
2.520994186401367
2.444020986557007
2.184189558029175
2.456763982772827
2.440896987915039
1.956978678703308
2.029331922531128
2.167393445968628
2.2378127574920654
1.8213086128234863
2.0766055583953857
2.044741630554199
1.480289101600647
2.2372426986694336
2.3446905612945557
2.1951520442962646
2.1229448318481445
2.3877880573272705
1.6165622472763062
2.3806352615356445
2.35090970993042
2.1132075786590576
2.3884165287017822
2.598116636276245
2.6875157356262207
2.653747320175171
2.635263681411743
2.635263681411743
2.635263681411743
2.491044282913208
2.4382526874542236
2.6875157356262207
2.24949049949646
2.3910911083221436
2.4936165809631348
1.9669069051742554
2.253857374191284
2.253857374191284
2.598850727081299
2.3413639068603516
2.1128318309783936
2.422974109649658
2.3587679862976074
2.294764757156372
1.186795949935913
1.7459073066711426
1.7459073066711426
2.3415563106536865
2.3711729049682617
2.2498111724853516
2.098304510116577
1.2768594026565552
1.8398044109344482
2.2021520137786865
2.0380547046661377
2.0380547046661377
2.4380602836608887
1.921317219734192
2.144476890563965
2.2474639415740967
2.2312867641448975
1.2323155403137207
2.555769443511963
2.2312867641448975
2.2312867641448975
1.857124924659729
1.9502885341644287
2.2662603855133057
1.7727891206741333
1.400713562965393
2.150226593017578
2.080111026763916
1.3874105215072632
2.080111026763916
2.420814037322998
2.0131280422210693
1.400713562965393
2.3929388523101807
2.3635993003845215
2.1702513694763184
2.3323419094085693
2.4103164672851562
2.316938638687134
1.8894147872924805
1.6968824863433838
1.450607180595398
2.0821361541748047
2.1644089221954346
2.0447161197662354
1.5485048294067383
2.3604414463043213
2.087689161300659
1.85654878616333
1.569315791130066
2.2993671894073486
1.9853860139846802
2.3265459537506104
2.466143846511841
1.9477226734161377
2.372563600540161
1.2680360078811646
2.5417394638061523
2.185347318649292
2.3989505767822266
2.1411542892456055
2.3331847190856934
2.36633038520813
2.16947078704834
2.435948610305786
2.09906268119812
2.390185594558716
2.252490520477295
2.0857956409454346
